   9.99999978E-03
   1.99999996E-02
   2.99999993E-02
   3.99999991E-02
   4.99999970E-02
   5.99999987E-02
   7.00000003E-02
   7.99999982E-02
   8.99999961E-02
   9.99999940E-02
  0.109999999    
  0.119999997    
  0.129999995    
  0.140000001    
  0.149999991    
  0.159999996    
  0.170000002    
  0.179999992    
  0.189999998    
  0.199999988    
  0.209999993    
  0.219999999    
  0.229999989    
  0.239999995    
  0.250000000    
  0.259999990    
  0.269999981    
  0.280000001    
  0.289999992    
  0.299999982    
  0.310000002    
  0.319999993    
  0.329999983    
  0.340000004    
  0.349999994    
  0.359999985    
  0.370000005    
  0.379999995    
  0.389999986    
  0.399999976    
  0.409999996    
  0.419999987    
  0.429999977    
  0.439999998    
  0.449999988    
  0.459999979    
  0.469999999    
  0.479999989    
  0.489999980    
  0.500000000    
  0.509999990    
  0.519999981    
  0.529999971    
  0.539999962    
  0.550000012    
  0.560000002    
  0.569999993    
  0.579999983    
  0.589999974    
  0.599999964    
  0.610000014    
  0.620000005    
  0.629999995    
  0.639999986    
  0.649999976    
  0.659999967    
  0.669999957    
  0.680000007    
  0.689999998    
  0.699999988    
  0.709999979    
  0.719999969    
  0.729999959    
  0.740000010    
  0.750000000    
  0.759999990    
  0.769999981    
  0.779999971    
  0.789999962    
  0.799999952    
  0.810000002    
  0.819999993    
  0.829999983    
  0.839999974    
  0.849999964    
  0.859999955    
  0.870000005    
  0.879999995    
  0.889999986    
  0.899999976    
  0.909999967    
  0.919999957    
  0.930000007    
  0.939999998    
  0.949999988    
  0.959999979    
  0.969999969    
  0.979999959    
  0.989999950    
   1.00000000    
   1.00999999    
   1.01999998    
   1.02999997    
   1.03999996    
   1.04999995    
   1.05999994    
   1.06999993    
   1.07999992    
   1.09000003    
   1.10000002    
   1.11000001    
   1.12000000    
   1.13000000    
   1.13999999    
   1.14999998    
   1.15999997    
   1.16999996    
   1.17999995    
   1.18999994    
   1.19999993    
   1.20999992    
   1.22000003    
   1.23000002    
   1.24000001    
   1.25000000    
   1.25999999    
   1.26999998    
   1.27999997    
   1.28999996    
   1.29999995    
   1.30999994    
   1.31999993    
   1.32999992    
   1.33999991    
   1.35000002    
   1.36000001    
   1.37000000    
   1.38000000    
   1.38999999    
   1.39999998    
   1.40999997    
   1.41999996    
   1.42999995    
   1.43999994    
   1.44999993    
   1.45999992    
   1.46999991    
   1.48000002    
   1.49000001    
   1.50000000    
   1.50999999    
   1.51999998    
   1.52999997    
   1.53999996    
   1.54999995    
   1.55999994    
   1.56999993    
   1.57999992    
   1.58999991    
   1.59999990    
   1.61000001    
   1.62000000    
   1.63000000    
   1.63999999    
   1.64999998    
   1.65999997    
   1.66999996    
   1.67999995    
   1.68999994    
   1.69999993    
   1.70999992    
   1.71999991    
   1.73000002    
   1.74000001    
   1.75000000    
   1.75999999    
   1.76999998    
   1.77999997    
   1.78999996    
   1.79999995    
   1.80999994    
   1.81999993    
   1.82999992    
   1.83999991    
   1.84999990    
   1.86000001    
   1.87000000    
   1.88000000    
   1.88999999    
   1.89999998    
   1.90999997    
   1.91999996    
   1.92999995    
   1.93999994    
   1.94999993    
   1.95999992    
   1.96999991    
   1.97999990    
   1.99000001    
   2.00000000    
   2.00999999    
   2.01999998    
   2.02999997    
   2.03999996    
   2.04999995    
   2.05999994    
   2.06999993    
   2.07999992    
   2.08999991    
   2.09999990    
   2.10999990    
   2.11999989    
   2.12999988    
   2.13999987    
   2.14999986    
   2.15999985    
   2.16999984    
   2.18000007    
   2.19000006    
   2.20000005    
   2.21000004    
   2.22000003    
   2.23000002    
   2.24000001    
   2.25000000    
   2.25999999    
   2.26999998    
   2.27999997    
   2.28999996    
   2.29999995    
   2.30999994    
   2.31999993    
   2.32999992    
   2.33999991    
   2.34999990    
   2.35999990    
   2.36999989    
   2.37999988    
   2.38999987    
   2.39999986    
   2.40999985    
   2.41999984    
   2.42999983    
   2.44000006    
   2.45000005    
   2.46000004    
   2.47000003    
   2.48000002    
   2.49000001    
   2.50000000    
   2.50999999    
   2.51999998    
   2.52999997    
   2.53999996    
   2.54999995    
   2.55999994    
   2.56999993    
   2.57999992    
   2.58999991    
   2.59999990    
   2.60999990    
   2.61999989    
   2.62999988    
   2.63999987    
   2.64999986    
   2.65999985    
   2.66999984    
   2.67999983    
   2.69000006    
   2.70000005    
   2.71000004    
   2.72000003    
   2.73000002    
   2.74000001    
   2.75000000    
   2.75999999    
   2.76999998    
   2.77999997    
   2.78999996    
   2.79999995    
   2.80999994    
   2.81999993    
   2.82999992    
   2.83999991    
   2.84999990    
   2.85999990    
   2.86999989    
   2.87999988    
   2.88999987    
   2.89999986    
   2.90999985    
   2.91999984    
   2.92999983    
   2.93999982    
   2.95000005    
   2.96000004    
   2.97000003    
   2.98000002    
   2.99000001    
   3.00000000    
   3.00999999    
   3.01999998    
   3.02999997    
   3.03999996    
   3.04999995    
   3.05999994    
   3.06999993    
   3.07999992    
   3.08999991    
   3.09999990    
   3.10999990    
   3.11999989    
   3.12999988    
   3.13999987    
   3.14999986    
   3.15999985    
   3.16999984    
   3.17999983    
   3.18999982    
   3.19999981    
   3.21000004    
   3.22000003    
   3.23000002    
   3.24000001    
   3.25000000    
   3.25999999    
   3.26999998    
   3.27999997    
   3.28999996    
   3.29999995    
   3.30999994    
   3.31999993    
   3.32999992    
   3.33999991    
   3.34999990    
   3.35999990    
   3.36999989    
   3.37999988    
   3.38999987    
   3.39999986    
   3.40999985    
   3.41999984    
   3.42999983    
   3.43999982    
   3.44999981    
   3.46000004    
   3.47000003    
   3.48000002    
   3.49000001    
   3.50000000    
   3.50999999    
   3.51999998    
   3.52999997    
   3.53999996    
   3.54999995    
   3.55999994    
   3.56999993    
   3.57999992    
   3.58999991    
   3.59999990    
   3.60999990    
   3.61999989    
   3.62999988    
   3.63999987    
   3.64999986    
   3.65999985    
   3.66999984    
   3.67999983    
   3.68999982    
   3.69999981    
   3.70999980    
   3.72000003    
   3.73000002    
   3.74000001    
   3.75000000    
   3.75999999    
   3.76999998    
   3.77999997    
   3.78999996    
   3.79999995    
   3.80999994    
   3.81999993    
   3.82999992    
   3.83999991    
   3.84999990    
   3.85999990    
   3.86999989    
   3.87999988    
   3.88999987    
   3.89999986    
   3.90999985    
   3.91999984    
   3.92999983    
   3.93999982    
   3.94999981    
   3.95999980    
   3.97000003    
   3.98000002    
   3.99000001    
   4.00000000    
   4.00999975    
   4.01999998    
   4.02999973    
   4.03999996    
   4.04999971    
   4.05999994    
   4.06999969    
   4.07999992    
   4.08999968    
   4.09999990    
   4.11000013    
   4.11999989    
   4.13000011    
   4.13999987    
   4.15000010    
   4.15999985    
   4.17000008    
   4.17999983    
   4.19000006    
   4.19999981    
   4.21000004    
   4.21999979    
   4.23000002    
   4.23999977    
   4.25000000    
   4.25999975    
   4.26999998    
   4.27999973    
   4.28999996    
   4.29999971    
   4.30999994    
   4.31999969    
   4.32999992    
   4.33999968    
   4.34999990    
   4.36000013    
   4.36999989    
   4.38000011    
   4.38999987    
   4.40000010    
   4.40999985    
   4.42000008    
   4.42999983    
   4.44000006    
   4.44999981    
   4.46000004    
   4.46999979    
   4.48000002    
   4.48999977    
   4.50000000    
   4.50999975    
   4.51999998    
   4.52999973    
   4.53999996    
   4.54999971    
   4.55999994    
   4.56999969    
   4.57999992    
   4.58999968    
   4.59999990    
   4.61000013    
   4.61999989    
   4.63000011    
   4.63999987    
   4.65000010    
   4.65999985    
   4.67000008    
   4.67999983    
   4.69000006    
   4.69999981    
   4.71000004    
   4.71999979    
   4.73000002    
   4.73999977    
   4.75000000    
   4.75999975    
   4.76999998    
   4.77999973    
   4.78999996    
   4.79999971    
   4.80999994    
   4.81999969    
   4.82999992    
   4.83999968    
   4.84999990    
   4.85999966    
   4.86999989    
   4.88000011    
   4.88999987    
   4.90000010    
   4.90999985    
   4.92000008    
   4.92999983    
   4.94000006    
   4.94999981    
   4.96000004    
   4.96999979    
   4.98000002    
   4.98999977    
   5.00000000    
   5.00999975    
   5.01999998    
   5.02999973    
   5.03999996    
   5.04999971    
   5.05999994    
   5.06999969    
   5.07999992    
   5.08999968    
   5.09999990    
   5.10999966    
   5.11999989    
   5.13000011    
   5.13999987    
   5.15000010    
   5.15999985    
   5.17000008    
   5.17999983    
   5.19000006    
   5.19999981    
   5.21000004    
   5.21999979    
   5.23000002    
   5.23999977    
   5.25000000    
   5.25999975    
   5.26999998    
   5.27999973    
   5.28999996    
   5.29999971    
   5.30999994    
   5.31999969    
   5.32999992    
   5.33999968    
   5.34999990    
   5.35999966    
   5.36999989    
   5.38000011    
   5.38999987    
   5.40000010    
   5.40999985    
   5.42000008    
   5.42999983    
   5.44000006    
   5.44999981    
   5.46000004    
   5.46999979    
   5.48000002    
   5.48999977    
   5.50000000    
   5.50999975    
   5.51999998    
   5.52999973    
   5.53999996    
   5.54999971    
   5.55999994    
   5.56999969    
   5.57999992    
   5.58999968    
   5.59999990    
   5.60999966    
   5.61999989    
   5.62999964    
   5.63999987    
   5.65000010    
   5.65999985    
   5.67000008    
   5.67999983    
   5.69000006    
   5.69999981    
   5.71000004    
   5.71999979    
   5.73000002    
   5.73999977    
   5.75000000    
   5.75999975    
   5.76999998    
   5.77999973    
   5.78999996    
   5.79999971    
   5.80999994    
   5.81999969    
   5.82999992    
   5.83999968    
   5.84999990    
   5.85999966    
   5.86999989    
   5.87999964    
   5.88999987    
   5.90000010    
   5.90999985    
   5.92000008    
   5.92999983    
   5.94000006    
   5.94999981    
   5.96000004    
   5.96999979    
   5.98000002    
   5.98999977    
   6.00000000    
   6.00999975    
   6.01999998    
   6.02999973    
   6.03999996    
   6.04999971    
   6.05999994    
   6.06999969    
   6.07999992    
   6.08999968    
   6.09999990    
   6.10999966    
   6.11999989    
   6.12999964    
   6.13999987    
   6.15000010    
   6.15999985    
   6.17000008    
   6.17999983    
   6.19000006    
   6.19999981    
   6.21000004    
   6.21999979    
   6.23000002    
   6.23999977    
   6.25000000    
   6.25999975    
   6.26999998    
   6.27999973    
   6.28999996    
   6.29999971    
   6.30999994    
   6.31999969    
   6.32999992    
   6.33999968    
   6.34999990    
   6.35999966    
   6.36999989    
   6.37999964    
   6.38999987    
   6.39999962    
   6.40999985    
   6.42000008    
   6.42999983    
   6.44000006    
   6.44999981    
   6.46000004    
   6.46999979    
   6.48000002    
   6.48999977    
   6.50000000    
   6.50999975    
   6.51999998    
   6.52999973    
   6.53999996    
   6.54999971    
   6.55999994    
   6.56999969    
   6.57999992    
   6.58999968    
   6.59999990    
   6.60999966    
   6.61999989    
   6.62999964    
   6.63999987    
   6.64999962    
   6.65999985    
   6.67000008    
   6.67999983    
   6.69000006    
   6.69999981    
   6.71000004    
   6.71999979    
   6.73000002    
   6.73999977    
   6.75000000    
   6.75999975    
   6.76999998    
   6.77999973    
   6.78999996    
   6.79999971    
   6.80999994    
   6.81999969    
   6.82999992    
   6.83999968    
   6.84999990    
   6.85999966    
   6.86999989    
   6.87999964    
   6.88999987    
   6.89999962    
   6.90999985    
   6.92000008    
   6.92999983    
   6.94000006    
   6.94999981    
   6.96000004    
   6.96999979    
   6.98000002    
   6.98999977    
   7.00000000    
   7.00999975    
   7.01999998    
   7.02999973    
   7.03999996    
   7.04999971    
   7.05999994    
   7.06999969    
   7.07999992    
   7.08999968    
   7.09999990    
   7.10999966    
   7.11999989    
   7.12999964    
   7.13999987    
   7.14999962    
   7.15999985    
   7.17000008    
   7.17999983    
   7.19000006    
   7.19999981    
   7.21000004    
   7.21999979    
   7.23000002    
   7.23999977    
   7.25000000    
   7.25999975    
   7.26999998    
   7.27999973    
   7.28999996    
   7.29999971    
   7.30999994    
   7.31999969    
   7.32999992    
   7.33999968    
   7.34999990    
   7.35999966    
   7.36999989    
   7.37999964    
   7.38999987    
   7.39999962    
   7.40999985    
   7.41999960    
   7.42999983    
   7.44000006    
   7.44999981    
   7.46000004    
   7.46999979    
   7.48000002    
   7.48999977    
   7.50000000    
   7.50999975    
   7.51999998    
   7.52999973    
   7.53999996    
   7.54999971    
   7.55999994    
   7.56999969    
   7.57999992    
   7.58999968    
   7.59999990    
   7.60999966    
   7.61999989    
   7.62999964    
   7.63999987    
   7.64999962    
   7.65999985    
   7.66999960    
   7.67999983    
   7.69000006    
   7.69999981    
   7.71000004    
   7.71999979    
   7.73000002    
   7.73999977    
   7.75000000    
   7.75999975    
   7.76999998    
   7.77999973    
   7.78999996    
   7.79999971    
   7.80999994    
   7.81999969    
   7.82999992    
   7.83999968    
   7.84999990    
   7.85999966    
   7.86999989    
   7.87999964    
   7.88999987    
   7.89999962    
   7.90999985    
   7.91999960    
   7.92999983    
   7.94000006    
   7.94999981    
   7.96000004    
