    0.0000    0.0000
    0.3182    0.3177
    0.6364    0.6344
    0.9546    0.9502
    1.2728    1.2650
    1.5910    1.5787
    1.9092    1.8915
    2.2274    2.2034
    2.5456    2.5142
    2.8638    2.8241
    3.1820    3.1330
    3.5002    3.4409
    3.8184    3.7478
    4.1366    4.0538
    4.4548    4.3587
    4.7730    4.6627
    5.0912    4.9657
    5.4094    5.2678
    5.7276    5.5688
    6.0458    5.8689
    6.3640    6.1680
    6.6822    6.4661
    7.0004    6.7632
    7.3186    7.0593
    7.6368    7.3545
    7.9550    7.6487
    8.2732    7.9419
    8.5913    8.2341
    8.9095    8.5254
    9.2277    8.8157
    9.5459    9.1049
    9.8641    9.3932
   10.1823    9.6806
   10.5005    9.9669
   10.8187   10.2523
   11.1369   10.5367
   11.4551   10.8201
   11.7733   11.1025
   12.0915   11.3840
   12.4097   11.6644
   12.7279   11.9439
   13.0461   12.2224
   13.3643   12.5000
   13.6825   12.7765
   14.0007   13.0521
   14.3189   13.3267
   14.6371   13.6003
   14.9553   13.8729
   15.2735   14.1445
   15.5917   14.4152
   15.9099   14.6849
   16.2281   14.9536
   16.5463   15.2213
   16.8645   15.4881
   17.1827   15.7538
   17.5009   16.0186
   17.8191   16.2824
   18.1373   16.5453
   18.4555   16.8071
   18.7737   17.0680
   19.0919   17.3279
   19.4101   17.5868
   19.7283   17.8447
   20.0465   18.1017
   20.3647   18.3576
   20.6829   18.6126
   21.0011   18.8666
   21.3193   19.1196
   21.6375   19.3717
   21.9557   19.6228
   22.2739   19.8729
   22.5920   20.1220
   22.9102   20.3701
   23.2284   20.6172
   23.5466   20.8634
   23.8648   21.1086
   24.1830   21.3528
   24.5012   21.5960
   24.8194   21.8383
   25.1376   22.0795
   25.4558   22.3198
   25.7740   22.5591
   26.0922   22.7975
   26.4104   23.0348
   26.7286   23.2712
   27.0468   23.5066
   27.3650   23.7410
   27.6832   23.9744
   28.0014   24.2069
   28.3196   24.4383
   28.6378   24.6688
   28.9560   24.8983
   29.2742   25.1268
   29.5924   25.3544
   29.9106   25.5810
   30.2288   25.8066
   30.5470   26.0312
   30.8652   26.2548
   31.1834   26.4774
   31.5016   26.6991
   31.8198   26.9198
   32.1380   27.1395
   32.4562   27.3582
   32.7744   27.5760
   33.0926   27.7927
   33.4108   28.0085
   33.7290   28.2233
   34.0472   28.4372
   34.3654   28.6500
   34.6836   28.8619
   35.0018   29.0728
   35.3200   29.2827
   35.6382   29.4916
   35.9564   29.6996
   36.2746   29.9065
   36.5928   30.1125
   36.9109   30.3175
   37.2291   30.5215
   37.5473   30.7246
   37.8655   30.9267
   38.1837   31.1278
   38.5019   31.3279
   38.8201   31.5270
   39.1383   31.7251
   39.4565   31.9223
   39.7747   32.1185
   40.0929   32.3137
   40.4111   32.5079
   40.7293   32.7012
   41.0475   32.8934
   41.3657   33.0847
   41.6839   33.2750
   42.0021   33.4644
   42.3203   33.6527
   42.6385   33.8401
   42.9567   34.0265
   43.2749   34.2119
   43.5931   34.3963
   43.9113   34.5798
   44.2295   34.7622
   44.5477   34.9437
   44.8659   35.1242
   45.1841   35.3037
   45.5023   35.4823
   45.8205   35.6599
   46.1387   35.8364
   46.4569   36.0121
   46.7751   36.1867
   47.0933   36.3603
   47.4115   36.5330
   47.7297   36.7047
   48.0479   36.8754
   48.3661   37.0451
   48.6843   37.2139
   49.0025   37.3816
   49.3207   37.5484
   49.6389   37.7142
   49.9571   37.8791
   50.2753   38.0429
   50.5935   38.2058
   50.9117   38.3677
   51.2298   38.5286
   51.5480   38.6885
   51.8662   38.8475
   52.1844   39.0054
   52.5026   39.1624
   52.8208   39.3184
   53.1390   39.4734
   53.4572   39.6275
   53.7754   39.7806
   54.0936   39.9326
   54.4118   40.0838
   54.7300   40.2339
   55.0482   40.3830
   55.3664   40.5312
   55.6846   40.6784
   56.0028   40.8246
   56.3210   40.9698
   56.6392   41.1141
   56.9574   41.2573
   57.2756   41.3996
   57.5938   41.5409
   57.9120   41.6813
   58.2302   41.8206
   58.5484   41.9590
   58.8666   42.0964
   59.1848   42.2328
   59.5030   42.3682
   59.8212   42.5027
   60.1394   42.6361
   60.4576   42.7686
   60.7758   42.9001
   61.0940   43.0306
   61.4122   43.1602
   61.7304   43.2888
   62.0486   43.4164
   62.3668   43.5430
   62.6850   43.6686
   63.0032   43.7932
   63.3214   43.9169
   63.6396   44.0396
   63.9578   44.1613
   64.2760   44.2820
   64.5942   44.4018
   64.9124   44.5205
   65.2306   44.6383
   65.5488   44.7551
   65.8670   44.8710
   66.1852   44.9858
   66.5033   45.0997
   66.8215   45.2126
   67.1397   45.3245
   67.4579   45.4354
   67.7761   45.5454
   68.0943   45.6543
   68.4125   45.7623
   68.7307   45.8693
   69.0489   45.9753
   69.3671   46.0804
   69.6853   46.1845
   70.0035   46.2876
   70.3217   46.3897
   70.6399   46.4908
   70.9581   46.5909
   71.2763   46.6901
   71.5945   46.7883
   71.9127   46.8855
   72.2309   46.9817
   72.5491   47.0770
   72.8673   47.1712
   73.1855   47.2645
   73.5037   47.3568
   73.8219   47.4482
   74.1401   47.5385
   74.4583   47.6279
   74.7765   47.7163
   75.0947   47.8037
   75.4129   47.8901
   75.7311   47.9756
   76.0493   48.0600
   76.3675   48.1435
   76.6857   48.2260
   77.0039   48.3075
   77.3221   48.3881
   77.6403   48.4677
   77.9585   48.5463
   78.2767   48.6239
   78.5949   48.7005
   78.9131   48.7761
   79.2313   48.8508
   79.5495   48.9245
   79.8677   48.9972
   80.1858   49.0689
   80.5040   49.1397
   80.8222   49.2094
   81.1404   49.2782
   81.4586   49.3461
   81.7768   49.4129
   82.0950   49.4787
   82.4132   49.5436
   82.7314   49.6075
   83.0496   49.6704
   83.3678   49.7323
   83.6860   49.7933
   84.0042   49.8532
   84.3224   49.9122
   84.6406   49.9702
   84.9588   50.0273
   85.2770   50.0833
   85.5952   50.1384
   85.9134   50.1925
   86.2316   50.2456
   86.5498   50.2977
   86.8680   50.3489
   87.1862   50.3990
   87.5044   50.4482
   87.8226   50.4964
   88.1408   50.5436
   88.4590   50.5899
   88.7772   50.6352
   89.0954   50.6794
   89.4136   50.7228
   89.7318   50.7651
   90.0500   50.8064
   90.3682   50.8468
   90.6864   50.8862
   91.0046   50.9246
   91.3228   50.9620
   91.6410   50.9985
   91.9592   51.0339
   92.2774   51.0684
   92.5956   51.1019
   92.9138   51.1345
   93.2320   51.1660
   93.5502   51.1966
   93.8683   51.2262
   94.1865   51.2548
   94.5047   51.2824
   94.8229   51.3091
   95.1411   51.3347
   95.4593   51.3594
   95.7775   51.3831
   96.0957   51.4058
   96.4139   51.4276
   96.7321   51.4484
   97.0503   51.4682
   97.3685   51.4870
   97.6867   51.5048
   98.0049   51.5216
   98.3231   51.5375
   98.6413   51.5524
   98.9595   51.5663
   99.2777   51.5792
   99.5959   51.5912
   99.9141   51.6021
  100.2323   51.6121
  100.5505   51.6211
  100.8687   51.6292
  101.1869   51.6362
  101.5051   51.6423
  101.8233   51.6474
  102.1415   51.6515
  102.4597   51.6546
  102.7779   51.6568
  103.0961   51.6579
  103.4143   51.6581
  103.7325   51.6573
  104.0507   51.6556
  104.3689   51.6528
  104.6871   51.6491
  105.0053   51.6444
  105.3235   51.6387
  105.6417   51.6320
  105.9599   51.6243
  106.2781   51.6157
  106.5963   51.6061
  106.9145   51.5955
  107.2327   51.5839
  107.5509   51.5714
  107.8690   51.5578
  108.1872   51.5433
  108.5054   51.5279
  108.8236   51.5114
  109.1418   51.4939
  109.4600   51.4755
  109.7782   51.4561
  110.0964   51.4357
  110.4146   51.4143
  110.7328   51.3920
  111.0510   51.3686
  111.3692   51.3443
  111.6874   51.3190
  112.0056   51.2928
  112.3238   51.2655
  112.6420   51.2373
  112.9602   51.2081
  113.2784   51.1779
  113.5966   51.1467
  113.9148   51.1146
  114.2330   51.0814
  114.5512   51.0473
  114.8694   51.0122
  115.1876   50.9761
  115.5058   50.9391
  115.8240   50.9011
  116.1422   50.8621
  116.4604   50.8221
  116.7786   50.7811
  117.0968   50.7391
  117.4150   50.6962
  117.7332   50.6523
  118.0514   50.6074
  118.3696   50.5615
  118.6878   50.5147
  119.0060   50.4669
  119.3242   50.4180
  119.6424   50.3682
  119.9606   50.3175
  120.2788   50.2657
  120.5970   50.2130
  120.9152   50.1593
  121.2334   50.1046
  121.5516   50.0489
  121.8698   49.9923
  122.1880   49.9346
  122.5061   49.8760
  122.8243   49.8164
  123.1425   49.7559
  123.4607   49.6943
  123.7789   49.6318
  124.0971   49.5683
  124.4153   49.5038
  124.7335   49.4383
  125.0517   49.3718
  125.3699   49.3044
  125.6881   49.2360
  126.0063   49.1666
  126.3245   49.0962
  126.6427   49.0249
  126.9609   48.9526
  127.2791   48.8792
  127.5973   48.8050
  127.9155   48.7297
  128.2337   48.6534
  128.5519   48.5762
  128.8701   48.4980
  129.1883   48.4188
  129.5065   48.3386
  129.8248   48.2575
  130.1430   48.1753
  130.4612   48.0922
  130.7794   48.0081
  131.0976   47.9230
  131.4158   47.8370
  131.7340   47.7500
  132.0522   47.6619
  132.3704   47.5730
  132.6886   47.4830
  133.0068   47.3920
  133.3250   47.3001
  133.6432   47.2072
  133.9614   47.1133
  134.2796   47.0184
  134.5978   46.9225
  134.9160   46.8257
  135.2343   46.7279
  135.5525   46.6291
  135.8707   46.5293
  136.1889   46.4286
  136.5071   46.3268
  136.8253   46.2241
  137.1435   46.1204
  137.4617   46.0158
  137.7799   45.9101
  138.0981   45.8035
  138.4163   45.6959
  138.7345   45.5873
  139.0527   45.4777
  139.3709   45.3671
  139.6891   45.2556
  140.0073   45.1431
  140.3255   45.0296
  140.6437   44.9151
  140.9619   44.7996
  141.2802   44.6832
  141.5984   44.5658
  141.9166   44.4474
  142.2348   44.3280
  142.5530   44.2077
  142.8712   44.0863
  143.1894   43.9640
  143.5076   43.8407
  143.8258   43.7164
  144.1440   43.5912
  144.4622   43.4650
  144.7804   43.3377
  145.0986   43.2095
  145.4168   43.0804
  145.7350   42.9502
  146.0532   42.8191
  146.3714   42.6870
  146.6896   42.5539
  147.0078   42.4198
  147.3260   42.2847
  147.6443   42.1487
  147.9625   42.0117
  148.2807   41.8737
  148.5989   41.7347
  148.9171   41.5948
  149.2353   41.4538
  149.5535   41.3119
  149.8717   41.1690
  150.1899   41.0251
  150.5081   40.8803
  150.8263   40.7344
  151.1445   40.5876
  151.4627   40.4398
  151.7809   40.2911
  152.0991   40.1413
  152.4173   39.9906
  152.7355   39.8388
  153.0537   39.6861
  153.3719   39.5325
  153.6902   39.3778
  154.0084   39.2222
  154.3266   39.0656
  154.6448   38.9080
  154.9630   38.7494
  155.2812   38.5898
  155.5994   38.4293
  155.9176   38.2678
  156.2358   38.1053
  156.5540   37.9418
  156.8722   37.7773
  157.1904   37.6119
  157.5086   37.4455
  157.8268   37.2781
  158.1450   37.1097
  158.4632   36.9403
  158.7814   36.7700
  159.0997   36.5987
  159.4178   36.4264
  159.7361   36.2531
  160.0543   36.0788
  160.3725   35.9036
  160.6907   35.7274
  161.0089   35.5502
  161.3271   35.3720
  161.6453   35.1929
  161.9635   35.0127
  162.2817   34.8316
  162.5999   34.6495
  162.9181   34.4664
  163.2363   34.2824
  163.5545   34.0973
  163.8727   33.9113
  164.1909   33.7243
  164.5091   33.5363
  164.8273   33.3474
  165.1456   33.1574
  165.4638   32.9665
  165.7820   32.7746
  166.1002   32.5817
  166.4184   32.3879
  166.7366   32.1930
  167.0548   31.9972
  167.3730   31.8004
  167.6912   31.6027
  168.0094   31.4039
  168.3276   31.2041
  168.6458   31.0034
  168.9640   30.8017
  169.2822   30.5990
  169.6004   30.3954
  169.9186   30.1908
  170.2368   29.9851
  170.5550   29.7785
  170.8732   29.5710
  171.1915   29.3624
  171.5097   29.1529
  171.8279   28.9424
  172.1461   28.7309
  172.4643   28.5184
  172.7825   28.3049
  173.1007   28.0905
  173.4189   27.8750
  173.7371   27.6586
  174.0553   27.4413
  174.3735   27.2229
  174.6917   27.0036
  175.0099   26.7832
  175.3281   26.5620
  175.6463   26.3397
  175.9645   26.1164
  176.2827   25.8922
  176.6009   25.6669
  176.9191   25.4407
  177.2374   25.2136
  177.5556   24.9854
  177.8738   24.7563
  178.1920   24.5261
  178.5102   24.2950
  178.8284   24.0630
  179.1466   23.8299
  179.4648   23.5959
  179.7830   23.3608
  180.1012   23.1248
  180.4194   22.8879
  180.7376   22.6499
  181.0558   22.4109
  181.3740   22.1710
  181.6922   21.9301
  182.0104   21.6882
  182.3286   21.4454
  182.6468   21.2015
  182.9650   20.9567
  183.2832   20.7109
  183.6015   20.4641
  183.9197   20.2164
  184.2379   19.9676
  184.5561   19.7179
  184.8743   19.4672
  185.1925   19.2155
  185.5107   18.9629
  185.8289   18.7092
  186.1471   18.4546
  186.4653   18.1990
  186.7835   17.9424
  187.1017   17.6849
  187.4199   17.4263
  187.7381   17.1668
  188.0563   16.9063
  188.3745   16.6448
  188.6927   16.3824
  189.0110   16.1189
  189.3291   15.8545
  189.6474   15.5891
  189.9656   15.3227
  190.2838   15.0553
  190.6020   14.7870
  190.9202   14.5177
  191.2384   14.2474
  191.5566   13.9761
  191.8748   13.7038
  192.1930   13.4306
  192.5112   13.1564
  192.8294   12.8812
  193.1476   12.6050
  193.4658   12.3278
  193.7840   12.0497
  194.1022   11.7706
  194.4204   11.4905
  194.7386   11.2094
  195.0569   10.9273
  195.3751   10.6443
  195.6933   10.3602
  196.0115   10.0752
  196.3297    9.7893
  196.6479    9.5023
  196.9661    9.2143
  197.2843    8.9254
  197.6025    8.6355
  197.9207    8.3446
  198.2389    8.0528
  198.5571    7.7599
  198.8753    7.4661
  199.1935    7.1713
  199.5117    6.8755
  199.8299    6.5788
  200.1481    6.2810
  200.4663    5.9823
  200.7845    5.6826
  201.1028    5.3819
  201.4210    5.0802
  201.7392    4.7776
  202.0574    4.4740
  202.3756    4.1694
  202.6938    3.8638
  203.0120    3.5572
  203.3302    3.2497
  203.6484    2.9411
  203.9666    2.6317
  204.2848    2.3212
  204.6030    2.0097
  204.9212    1.6973
  205.2394    1.3838
  205.5576    1.0694
  205.8758    0.7541
  206.1940    0.4377
  206.5122    0.1203
  206.8304   -0.1980
